image_width: 640
image_height: 480
camera_name: NaoCameraTop
camera_matrix:
  rows: 3
  cols: 3
  data: [554.903478, 0, 306.432389, 0, 553.554369, 208.613332, 0, 0, 1]
distortion_model: plumb_bob
distortion_coefficients:
  rows: 1
  cols: 5
  data: [-0.09743, 0.125595, -0.016384, -0.008456, 0]
rectification_matrix:
  rows: 3
  cols: 3
  data: [1, 0, 0, 0, 1, 0, 0, 0, 1]
projection_matrix:
  rows: 3
  cols: 4
  data: [550.039795, 0, 300.903728, 0, 0, 544.60376, 200.810548, 0, 0, 0, 1, 0]