image_width: 320
image_height: 240
camera_name: NaoCameraBottom
camera_matrix:
  rows: 3
  cols: 3
  data: [321.873789, 0, 157.06588, 0, 328.583553, 51.991062, 0, 0, 1]
distortion_model: plumb_bob
distortion_coefficients:
  rows: 1
  cols: 5
  data: [-0.058408, 0.681358, -0.055512, -0.004355, 0]
rectification_matrix:
  rows: 3
  cols: 3
  data: [1, 0, 0, 0, 1, 0, 0, 0, 1]
projection_matrix:
  rows: 3
  cols: 4
  data: [349.489349, 0, 156.09221, 0, 0, 346.640076, 47.94287, 0, 0, 0, 1, 0]