image_width: 1280
image_height: 960
camera_name: NaoCameraTop
camera_matrix:
  rows: 3
  cols: 3
  data: [1248.631984, 0, 559.742668, 0, 1260.921559, 349.814455, 0, 0, 1]
distortion_model: plumb_bob
distortion_coefficients:
  rows: 1
  cols: 5
  data: [-0.02015, 0.030736, -0.02731, -0.011039, 0]
rectification_matrix:
  rows: 3
  cols: 3
  data: [1, 0, 0, 0, 1, 0, 0, 0, 1]
projection_matrix:
  rows: 3
  cols: 4
  data: [1255.832153, 0, 547.89151, 0, 0, 1245.243896, 329.706716, 0, 0, 0, 1, 0]