image_width: 320
image_height: 240
camera_name: NaoCameraTop
camera_matrix:
  rows: 3
  cols: 3
  data: [294.056719, 0, 156.161902, 0, 298.870595, 61.772464, 0, 0, 1]
distortion_model: plumb_bob
distortion_coefficients:
  rows: 1
  cols: 5
  data: [0.002381, -0.079306, -0.036802, -0.004818, 0]
rectification_matrix:
  rows: 3
  cols: 3
  data: [1, 0, 0, 0, 1, 0, 0, 0, 1]
projection_matrix:
  rows: 3
  cols: 4
  data: [294.832886, 0, 154.23345, 0, 0, 282.856323, 54.554838, 0, 0, 0, 1, 0]