image_width: 160
image_height: 120
camera_name: NaoCameraBottom
camera_matrix:
  rows: 3
  cols: 3
  data: [155.224589, 0, 80.709808, 0, 158.41574, 25.169391, 0, 0, 1]
distortion_model: plumb_bob
distortion_coefficients:
  rows: 1
  cols: 5
  data: [-0.0771, 0.160121, -0.038934, 0.004482, 0]
rectification_matrix:
  rows: 3
  cols: 3
  data: [1, 0, 0, 0, 1, 0, 0, 0, 1]
projection_matrix:
  rows: 3
  cols: 4
  data: [154.612289, 0, 80.756829, 0, 0, 151.163651, 22.228715, 0, 0, 0, 1, 0]