image_width: 160
image_height: 120
camera_name: NaoCameraTop
camera_matrix:
  rows: 3
  cols: 3
  data: [149.968982, 0, 80.31209, 0, 150.997704, 48.927609, 0, 0, 1]
distortion_model: plumb_bob
distortion_coefficients:
  rows: 1
  cols: 5
  data: [-0.082615, 0.173998, -0.021707, -0.006771, 0]
rectification_matrix:
  rows: 3
  cols: 3
  data: [1, 0, 0, 0, 1, 0, 0, 0, 1]
projection_matrix:
  rows: 3
  cols: 4
  data: [150.092209, 0, 78.890158, 0, 0, 149.09726, 46.450828, 0, 0, 0, 1, 0]