image_width: 1280
image_height: 960
camera_name: NaoCameraBottom
camera_matrix:
  rows: 3
  cols: 3
  data: [1219.448171, 0, 614.481756, 0, 1291.421024, 151.265905, 0, 0, 1]
distortion_model: plumb_bob
distortion_coefficients:
  rows: 1
  cols: 5
  data: [0.005928, 0.118999, -0.081849, -0.003667, 0]
rectification_matrix:
  rows: 3
  cols: 3
  data: [1, 0, 0, 0, 1, 0, 0, 0, 1]
projection_matrix:
  rows: 3
  cols: 4
  data: [1249.13147, 0, 611.294675, 0, 0, 1188.448242, 108.11769, 0, 0, 0, 1, 0]